1977
10194
7711
21404
21866
26340
13493
12207
4076
16489
11591
21984
4080
478
22696
26556
29849
615
21437
26539
27523
23236
12185
20608
14852
22912
25831
19279
27569
1899
5768
30590
18980
20555
26494
31007
509
9167
26633
16765
6439
8900
24079
17909
6749
11403
27841
6408
6636
24779
24444
6574
30650
26979
7149
11500
647
8355
32633
13736
24691
26555
11228
16061
24768
16755
1808
2891
6874
1309
29296
336
32404
15816
32029
8829
14773
2487
5537
1858
5811
3602
32466
4140
14526
21210
3065
16752
22784
6946
26676
31944
26916
3453
27929
3453
16149
16563
19612
15045
